10
1
5
2
1 2
2 3
3
5 5 5
5 5 5
5 5 5
3
9 8 7
6 5 4
3 2 1
4
9 5 7 9
6 3 2 5
4 8 5 4
8 2 1 5
5
3 4 7 8 9
3 3 2 5 6
2 1 1 1 1
3 4 5 6 7
9 9 8 4 2
5
4 4 4 4 4
4 1 1 1 4
4 1 9 1 4
4 1 1 1 4
4 4 4 4 4
6
1 3 5 7 9 11
2 2 4 6 8 10
3 1 3 5 7 9
4 6 8 7 5 3
5 5 5 5 5 5
6 4 2 0 2 4
7
1 1 1 9 1 1 1
1 9 1 9 1 9 1
1 9 1 1 1 9 1
1 9 9 9 1 9 1
1 1 1 1 1 1 1
9 9 9 9 9 9 1
1 1 1 1 1 1 1
8
1 2 3 4 5 6 7 8
2 3 4 5 6 7 8 9
3 4 5 6 7 8 9 10
4 5 6 7 8 9 10 11
12 11 10 9 8 7 6 5
13 12 11 10 9 8 7 6
14 13 12 11 10 9 8 7
15 14 13 12 11 10 9 8
